duration=1420.0619954649
position=3.5452083333333
